process_data=3.6156842708587646
convolution=1.248812198638916
train_q_learning=344.49013662338257
recommend=0.19871997833251953
allocate_75=0.43143439292907715
allocate_150=0.49852681159973145
allocate_300=0.42000341415405273
