process_data=4.3592751026153564
convolution=1.7002646923065186
train_q_learning=604.8413383960724
recommend=0.7872030735015869
allocate_75=0.7800350189208984
allocate_150=0.6033337116241455
allocate_300=0.4565420150756836
