process_data=1.6509454250335693
convolution=0.8081727027893066
train_q_learning=150.67061734199524
recommend=0.06930947303771973
allocate_75=0.09316515922546387
allocate_150=0.0851600170135498
allocate_300=0.151275634765625
