process_data=1.361032247543335
convolution=0.5493593215942383
train_q_learning=84.29696559906006
recommend=0.10070300102233887
allocate_75=0.14017963409423828
allocate_150=0.13560748100280762
allocate_300=0.13442707061767578
