process_data=6.8441526889801025
convolution=3.146747350692749
train_q_learning=1339.3657431602478
recommend=0.6970446109771729
allocate_75=0.6073601245880127
allocate_150=0.5549004077911377
allocate_300=0.6438498497009277
