process_data=3.139390707015991
convolution=1.2913904190063477
train_q_learning=453.27696108818054
recommend=0.11555957794189453
allocate_75=0.5257728099822998
allocate_150=0.20743370056152344
allocate_300=0.20560693740844727
