process_data=7.12639045715332
convolution=1.678542137145996
train_q_learning=774.2492454051971
recommend=0.43067502975463867
allocate_75=0.5467398166656494
allocate_150=0.42458605766296387
allocate_300=0.3946530818939209
