process_data=1.4452924728393555
convolution=0.7662312984466553
train_q_learning=174.2911069393158
recommend=0.06944155693054199
allocate_75=0.276364803314209
allocate_150=0.2560396194458008
allocate_300=0.23389697074890137
