process_data=2.428635597229004
convolution=1.164968729019165
train_q_learning=345.1872670650482
recommend=0.10190439224243164
allocate_75=0.18778491020202637
allocate_150=0.4315922260284424
allocate_300=0.3388817310333252
