process_data=5.066330671310425
convolution=1.7117338180541992
train_q_learning=671.3316156864166
recommend=0.4053633213043213
allocate_75=1.0045583248138428
allocate_150=0.35656261444091797
allocate_300=0.3500511646270752
