process_data=8.170787811279297
convolution=1.997243881225586
train_q_learning=830.1128487586975
recommend=0.3259882926940918
allocate_75=0.9501612186431885
allocate_150=0.3796958923339844
allocate_300=0.35692262649536133
