process_data=1.9249341487884521
convolution=1.048997163772583
train_q_learning=255.3991837501526
recommend=0.08482742309570312
allocate_75=0.3623507022857666
allocate_150=0.2082512378692627
allocate_300=0.13646388053894043
