process_data=7.788878440856934
convolution=4.016303777694702
train_q_learning=980.409096956253
recommend=0.8498387336730957
allocate_75=2.1630823612213135
allocate_150=2.0034563541412354
allocate_300=1.8589551448822021
